[[5.69112, -3.48531, 4.0, 0.03756],
[5.54088, -3.484, 4.0, 0.03756],
[5.39063, -3.4827, 4.0, 0.03756],
[5.24039, -3.48138, 4.0, 0.03756],
[5.09015, -3.48007, 4.0, 0.03756],
[4.93991, -3.47876, 4.0, 0.03756],
[4.78967, -3.47744, 4.0, 0.03756],
[4.63943, -3.47613, 4.0, 0.03756],
[4.48918, -3.47481, 4.0, 0.03756],
[4.33894, -3.47349, 4.0, 0.03756],
[4.1887, -3.47217, 4.0, 0.03756],
[4.03846, -3.47086, 3.94201, 0.03811],
[3.88822, -3.46955, 3.76929, 0.03986],
[3.73798, -3.46825, 3.62439, 0.04145],
[3.58773, -3.46697, 3.50589, 0.04286],
[3.43752, -3.46563, 3.41654, 0.04397],
[3.28736, -3.46418, 3.35826, 0.04472],
[3.13727, -3.46258, 3.33281, 0.04504],
[2.98725, -3.46083, 3.33281, 0.04501],
[2.83739, -3.45876, 3.33281, 0.04497],
[2.68778, -3.4562, 3.33281, 0.0449],
[2.53851, -3.45295, 3.33281, 0.0448],
[2.38969, -3.44881, 3.33281, 0.04467],
[2.24145, -3.44358, 3.33281, 0.04451],
[2.09391, -3.43702, 3.33281, 0.04431],
[1.9472, -3.42891, 3.33281, 0.04409],
[1.80148, -3.41901, 3.33281, 0.04383],
[1.65691, -3.40701, 3.33281, 0.04353],
[1.51364, -3.3927, 3.33281, 0.0432],
[1.3718, -3.37587, 3.33281, 0.04286],
[1.23156, -3.35627, 3.33281, 0.04249],
[1.09305, -3.33371, 3.33281, 0.04211],
[0.95642, -3.30797, 3.33281, 0.04172],
[0.82183, -3.27884, 3.33281, 0.04132],
[0.68939, -3.24615, 3.22683, 0.04227],
[0.55922, -3.20978, 3.06471, 0.0441],
[0.4314, -3.16963, 2.92754, 0.04576],
[0.30598, -3.12569, 2.82274, 0.04708],
[0.18294, -3.07798, 2.74753, 0.04803],
[0.06225, -3.0266, 2.69754, 0.04862],
[-0.05617, -2.97174, 2.67038, 0.04888],
[-0.17249, -2.91363, 2.66545, 0.04878],
[-0.28687, -2.85259, 2.66545, 0.04864],
[-0.39956, -2.78897, 2.66545, 0.04855],
[-0.51079, -2.72317, 2.66545, 0.04849],
[-0.62076, -2.65547, 2.66545, 0.04845],
[-0.72956, -2.58603, 2.66545, 0.04842],
[-0.83723, -2.51494, 2.66545, 0.0484],
[-0.94367, -2.44243, 2.66545, 0.04832],
[-1.05101, -2.37192, 2.66545, 0.04818],
[-1.1594, -2.30368, 2.66545, 0.04805],
[-1.26892, -2.23801, 2.66545, 0.04791],
[-1.37969, -2.1753, 2.66545, 0.04776],
[-1.49178, -2.11589, 2.66545, 0.04759],
[-1.60522, -2.0601, 2.66545, 0.04743],
[-1.72006, -2.00832, 2.66545, 0.04726],
[-1.83634, -1.96098, 2.66545, 0.0471],
[-1.95407, -1.91851, 2.66545, 0.04696],
[-2.07323, -1.88127, 2.66545, 0.04684],
[-2.19374, -1.84957, 2.66545, 0.04675],
[-2.3155, -1.82362, 2.66545, 0.04671],
[-2.4384, -1.80357, 2.40487, 0.05178],
[-2.56229, -1.78947, 2.11509, 0.05895],
[-2.68703, -1.7813, 2.11509, 0.0591],
[-2.81246, -1.77894, 2.11509, 0.05931],
[-2.93845, -1.78217, 2.11509, 0.05958],
[-3.06485, -1.79067, 2.11509, 0.0599],
[-3.19155, -1.80405, 2.11509, 0.06024],
[-3.31845, -1.82179, 2.11509, 0.06058],
[-3.44548, -1.8433, 2.11509, 0.06091],
[-3.57257, -1.86787, 2.11509, 0.0612],
[-3.6997, -1.89484, 2.11509, 0.06144],
[-3.82684, -1.92357, 2.11509, 0.06163],
[-3.95398, -1.95357, 2.11509, 0.06176],
[-4.07768, -1.98199, 2.11509, 0.06001],
[-4.20141, -2.00914, 2.11509, 0.05989],
[-4.32517, -2.03465, 2.11509, 0.05974],
[-4.44898, -2.05783, 2.11509, 0.05955],
[-4.57283, -2.07821, 2.11509, 0.05934],
[-4.69673, -2.09501, 2.11509, 0.05911],
[-4.82066, -2.10747, 2.11509, 0.05889],
[-4.94461, -2.11437, 2.11509, 0.05869],
[-5.06848, -2.11391, 2.11509, 0.05857],
[-5.1921, -2.10398, 2.28831, 0.05419],
[-5.31531, -2.08589, 2.46128, 0.0506],
[-5.43803, -2.06066, 2.57801, 0.0486],
[-5.56017, -2.02883, 2.69215, 0.04689],
[-5.68167, -1.9908, 2.79175, 0.0456],
[-5.80245, -1.9469, 2.81171, 0.0457],
[-5.92238, -1.89708, 2.95783, 0.04391],
[-6.04141, -1.84177, 2.99018, 0.0439],
[-6.15943, -1.78096, 3.03817, 0.0437],
[-6.27628, -1.71472, 3.13138, 0.0429],
[-6.39188, -1.64324, 3.25103, 0.0418],
[-6.50612, -1.56684, 3.3836, 0.04062],
[-6.61891, -1.48583, 3.52222, 0.03943],
[-6.7302, -1.40054, 3.66301, 0.03828],
[-6.8399, -1.31131, 3.80324, 0.03718],
[-6.94796, -1.21842, 3.94055, 0.03616],
[-7.05434, -1.12219, 3.95037, 0.03631],
[-7.15897, -1.02286, 3.79547, 0.03801],
[-7.26183, -0.92069, 3.63803, 0.03985],
[-7.36286, -0.81592, 3.48093, 0.04182],
[-7.46204, -0.70873, 3.3267, 0.0439],
[-7.55932, -0.59932, 3.17752, 0.04608],
[-7.65468, -0.48786, 3.03517, 0.04833],
[-7.74806, -0.3745, 2.90106, 0.05063],
[-7.83943, -0.25938, 2.77629, 0.05294],
[-7.92874, -0.14263, 2.66164, 0.05523],
[-8.01593, -0.02437, 2.55765, 0.05745],
[-8.10094, 0.09528, 2.46464, 0.05955],
[-8.18369, 0.21621, 2.38275, 0.0615],
[-8.2641, 0.33832, 2.31194, 0.06324],
[-8.34206, 0.4615, 2.25198, 0.06473],
[-8.41746, 0.58565, 2.20246, 0.06595],
[-8.49015, 0.71066, 2.16281, 0.06686],
[-8.55999, 0.83643, 2.13222, 0.06747],
[-8.6268, 0.96285, 2.10972, 0.06777],
[-8.69038, 1.08981, 2.09411, 0.0678],
[-8.75051, 1.2172, 2.08405, 0.06759],
[-8.80696, 1.34491, 2.07805, 0.06719],
[-8.85947, 1.47282, 2.07457, 0.06665],
[-8.90777, 1.60079, 2.07214, 0.06601],
[-8.95156, 1.72872, 2.06953, 0.06533],
[-8.99056, 1.85644, 2.06597, 0.06464],
[-9.02445, 1.98382, 2.06151, 0.06394],
[-9.05292, 2.11068, 2.0573, 0.0632],
[-9.07567, 2.23686, 2.05592, 0.06236],
[-9.09241, 2.36215, 2.05592, 0.06148],
[-9.10284, 2.48634, 2.05592, 0.06062],
[-9.10672, 2.6092, 2.05592, 0.05979],
[-9.10382, 2.73046, 2.05592, 0.059],
[-9.09393, 2.84984, 2.05592, 0.05827],
[-9.07692, 2.96705, 2.05592, 0.05761],
[-9.05267, 3.08174, 2.05592, 0.05702],
[-9.02114, 3.19358, 2.05592, 0.05652],
[-8.98234, 3.30219, 1.95003, 0.05915],
[-8.93632, 3.40719, 1.77735, 0.0645],
[-8.88323, 3.50818, 1.59495, 0.07154],
[-8.82325, 3.60475, 1.41986, 0.08006],
[-8.75665, 3.69648, 1.41986, 0.07984],
[-8.68375, 3.78296, 1.41986, 0.07966],
[-8.60494, 3.86377, 1.41986, 0.0795],
[-8.52064, 3.9385, 1.41986, 0.07934],
[-8.43135, 4.00677, 1.41986, 0.07916],
[-8.33759, 4.06821, 1.41986, 0.07895],
[-8.23993, 4.12249, 1.41986, 0.0787],
[-8.13894, 4.16936, 1.41986, 0.07841],
[-8.03523, 4.20863, 1.41986, 0.07811],
[-7.92936, 4.24022, 1.41986, 0.07781],
[-7.8219, 4.2642, 1.41986, 0.07754],
[-7.71336, 4.28078, 1.41986, 0.07733],
[-7.60418, 4.29036, 1.41986, 0.07719],
[-7.49476, 4.29345, 1.41986, 0.0771],
[-7.38539, 4.29027, 1.41986, 0.07706],
[-7.27639, 4.28035, 1.41986, 0.07708],
[-7.16817, 4.26312, 1.41986, 0.07718],
[-7.06133, 4.23724, 1.41986, 0.07742],
[-6.95683, 4.20097, 1.41986, 0.07791],
[-6.85624, 4.15176, 1.41986, 0.07887],
[-6.76238, 4.08611, 1.66645, 0.06873],
[-6.6726, 4.01219, 1.47364, 0.07892],
[-6.58642, 3.93145, 1.3, 0.09084],
[-6.50333, 3.84511, 1.3, 0.09217],
[-6.42277, 3.75432, 1.3, 0.09337],
[-6.34415, 3.66019, 1.3, 0.09434],
[-6.2668, 3.5639, 1.3, 0.09501],
[-6.19008, 3.46653, 1.3, 0.09535],
[-6.11097, 3.36771, 1.3, 0.09737],
[-6.03102, 3.26997, 1.3, 0.09713],
[-5.95011, 3.17371, 1.3, 0.09672],
[-5.86812, 3.07941, 1.3, 0.09612],
[-5.78496, 2.98752, 1.3, 0.09533],
[-5.70053, 2.89849, 1.3, 0.09438],
[-5.61473, 2.81282, 1.3, 0.09327],
[-5.52743, 2.73104, 1.3, 0.09202],
[-5.43842, 2.65391, 1.3, 0.0906],
[-5.34749, 2.58225, 1.3, 0.08906],
[-5.25441, 2.517, 1.3, 0.08744],
[-5.15888, 2.45959, 1.3, 0.08574],
[-5.06065, 2.41158, 1.3, 0.0841],
[-4.95953, 2.37505, 1.3, 0.0827],
[-4.85552, 2.35281, 1.3, 0.08182],
[-4.74913, 2.34893, 1.53174, 0.0695],
[-4.64199, 2.35856, 1.62211, 0.06632],
[-4.53473, 2.37963, 1.62211, 0.06739],
[-4.42772, 2.41049, 1.62211, 0.06866],
[-4.32115, 2.44986, 1.62211, 0.07004],
[-4.21514, 2.49663, 1.62211, 0.07143],
[-4.10973, 2.54972, 1.62211, 0.07276],
[-4.00491, 2.6081, 1.62211, 0.07397],
[-3.9006, 2.67072, 1.62211, 0.075],
[-3.7967, 2.73644, 1.62211, 0.07579],
[-3.69307, 2.80422, 1.62211, 0.07633],
[-3.58959, 2.87301, 1.62211, 0.07661],
[-3.48374, 2.94195, 1.62211, 0.07787],
[-3.37748, 3.00935, 1.62211, 0.07757],
[-3.27069, 3.07467, 1.62211, 0.07717],
[-3.16323, 3.13736, 1.62211, 0.0767],
[-3.05497, 3.19677, 1.62211, 0.07613],
[-2.94574, 3.2521, 1.62211, 0.07548],
[-2.83535, 3.30226, 1.62211, 0.07475],
[-2.72368, 3.34614, 1.62211, 0.07397],
[-2.61057, 3.38208, 1.62211, 0.07316],
[-2.49604, 3.40828, 1.62211, 0.07243],
[-2.38027, 3.42015, 1.77534, 0.06555],
[-2.26427, 3.42018, 1.92584, 0.06023],
[-2.14855, 3.41017, 2.05146, 0.05662],
[-2.03344, 3.39129, 2.13906, 0.05453],
[-1.91919, 3.36414, 2.28431, 0.05141],
[-1.80594, 3.32964, 2.3999, 0.04933],
[-1.69381, 3.28836, 2.47291, 0.04832],
[-1.58293, 3.24057, 2.54526, 0.04744],
[-1.47343, 3.18648, 2.64399, 0.04619],
[-1.36537, 3.12641, 2.69956, 0.0458],
[-1.25888, 3.06046, 2.74718, 0.04559],
[-1.1541, 2.98867, 2.82021, 0.04504],
[-1.05111, 2.91118, 2.85938, 0.04507],
[-0.94998, 2.8283, 2.76552, 0.04728],
[-0.85067, 2.74046, 2.68987, 0.04929],
[-0.75311, 2.64816, 2.63062, 0.05105],
[-0.6572, 2.55196, 2.58565, 0.05254],
[-0.56277, 2.4524, 2.55264, 0.05375],
[-0.46964, 2.35009, 2.52934, 0.0547],
[-0.37773, 2.2453, 2.51366, 0.05545],
[-0.28699, 2.13833, 2.50375, 0.05603],
[-0.19744, 2.02933, 2.4981, 0.05647],
[-0.10933, 1.91859, 2.49568, 0.0567],
[-0.02027, 1.81057, 2.49568, 0.0561],
[0.07012, 1.70511, 2.49568, 0.05565],
[0.162, 1.60238, 2.49568, 0.05523],
[0.25551, 1.50259, 2.49568, 0.0548],
[0.35077, 1.40594, 2.49568, 0.05438],
[0.44793, 1.31275, 2.49568, 0.05394],
[0.54715, 1.22338, 2.49568, 0.05351],
[0.64856, 1.13818, 2.49568, 0.05307],
[0.75226, 1.05751, 2.49568, 0.05264],
[0.85834, 0.98175, 2.49568, 0.05223],
[0.96685, 0.91123, 2.49568, 0.05185],
[1.07778, 0.84627, 2.49568, 0.05151],
[1.19108, 0.78717, 2.49568, 0.0512],
[1.30665, 0.73418, 2.49568, 0.05094],
[1.42434, 0.68751, 2.49568, 0.05073],
[1.54395, 0.64735, 2.49568, 0.05056],
[1.66524, 0.61384, 2.49568, 0.05042],
[1.78793, 0.5871, 2.49568, 0.05031],
[1.9117, 0.56722, 2.49568, 0.05023],
[2.03623, 0.55424, 2.49568, 0.05017],
[2.16115, 0.5482, 2.49602, 0.05011],
[2.28612, 0.54908, 2.49925, 0.05],
[2.41079, 0.55686, 2.5062, 0.04984],
[2.53481, 0.57148, 2.51829, 0.04959],
[2.65788, 0.59281, 2.49454, 0.05007],
[2.77971, 0.62073, 2.13929, 0.05843],
[2.90008, 0.65504, 1.84703, 0.06776],
[3.01879, 0.69551, 1.84703, 0.0679],
[3.13571, 0.74185, 1.84703, 0.06809],
[3.25077, 0.7937, 1.84703, 0.06833],
[3.36396, 0.85067, 1.84703, 0.06861],
[3.47535, 0.91227, 1.84703, 0.06891],
[3.58504, 0.97798, 1.84703, 0.06923],
[3.69322, 1.04721, 1.84703, 0.06954],
[3.80011, 1.11932, 1.84703, 0.06981],
[3.90592, 1.19364, 1.84703, 0.07001],
[4.01067, 1.26949, 1.84703, 0.07002],
[4.11409, 1.34596, 1.84703, 0.06964],
[4.21557, 1.42208, 1.84703, 0.06868],
[4.31574, 1.49664, 1.84703, 0.06761],
[4.41641, 1.57002, 1.84703, 0.06745],
[4.51788, 1.6415, 1.84703, 0.0672],
[4.62054, 1.71017, 1.84703, 0.06687],
[4.72477, 1.77513, 1.84703, 0.06649],
[4.83097, 1.83531, 1.84703, 0.06609],
[4.93968, 1.88938, 1.84703, 0.06573],
[5.05168, 1.9352, 1.84703, 0.06551],
[5.16789, 1.96991, 2.0604, 0.05886],
[5.28738, 1.9955, 2.23154, 0.05476],
[5.40962, 2.01309, 2.38489, 0.05178],
[5.53427, 2.0234, 2.62664, 0.04762],
[5.66091, 2.02746, 2.82989, 0.04477],
[5.78927, 2.02594, 3.03307, 0.04232],
[5.91915, 2.01935, 3.20841, 0.04053],
[6.0504, 2.00806, 3.37411, 0.03904],
[6.1829, 1.99236, 3.53557, 0.03774],
[6.31654, 1.97248, 3.70503, 0.03647],
[6.45124, 1.94867, 3.89074, 0.03516],
[6.58688, 1.92116, 4.0, 0.0346],
[6.72338, 1.89022, 4.0, 0.03499],
[6.86064, 1.85612, 4.0, 0.03536],
[6.99856, 1.81918, 4.0, 0.0357],
[7.13706, 1.77966, 4.0, 0.03601],
[7.27605, 1.73787, 4.0, 0.03628],
[7.41544, 1.69411, 4.0, 0.03652],
[7.55516, 1.64867, 4.0, 0.03673],
[7.69514, 1.60181, 4.0, 0.0369],
[7.83533, 1.55377, 4.0, 0.03705],
[7.97569, 1.50476, 4.0, 0.03717],
[8.11618, 1.45497, 4.0, 0.03726],
[8.25676, 1.40455, 4.0, 0.03734],
[8.39741, 1.35368, 4.0, 0.03739],
[8.5381, 1.3025, 4.0, 0.03743],
[8.67882, 1.25114, 4.0, 0.03745],
[8.81956, 1.19958, 3.86997, 0.03873],
[8.96033, 1.14788, 3.6758, 0.04079],
[9.1011, 1.09604, 3.49847, 0.04288],
[9.2419, 1.04406, 3.33326, 0.04503],
[9.3827, 0.99199, 3.17914, 0.04722],
[9.52352, 0.93978, 3.03666, 0.04946],
[9.66435, 0.88743, 2.90529, 0.05172],
[9.80519, 0.8351, 2.78393, 0.05397],
[9.94602, 0.78276, 2.67165, 0.05624],
[10.0867, 0.73023, 2.56781, 0.05848],
[10.22706, 0.67733, 2.47208, 0.06068],
[10.36694, 0.62384, 2.38434, 0.06281],
[10.50612, 0.56954, 2.30459, 0.06483],
[10.6444, 0.51421, 2.2329, 0.0667],
[10.78156, 0.45764, 2.16924, 0.06839],
[10.91728, 0.39954, 2.11351, 0.06986],
[11.05143, 0.3398, 2.06545, 0.0711],
[11.1837, 0.27819, 2.02477, 0.07207],
[11.31386, 0.21454, 1.99119, 0.07277],
[11.44163, 0.14867, 1.96453, 0.07317],
[11.5667, 0.08039, 1.94468, 0.07327],
[11.68877, 0.00954, 1.93166, 0.07306],
[11.80751, -0.06401, 1.92562, 0.07254],
[11.9226, -0.14039, 1.92562, 0.07173],
[12.03368, -0.2197, 1.92562, 0.07088],
[12.1404, -0.30203, 1.92562, 0.06999],
[12.24236, -0.38743, 1.92562, 0.06907],
[12.3392, -0.47594, 1.92562, 0.06813],
[12.43052, -0.56752, 1.92562, 0.06716],
[12.51592, -0.66214, 1.92562, 0.06619],
[12.59501, -0.75971, 1.92562, 0.06522],
[12.66741, -0.86008, 1.92562, 0.06427],
[12.73272, -0.96306, 1.92562, 0.06333],
[12.79059, -1.06843, 1.92562, 0.06243],
[12.84067, -1.1759, 1.92562, 0.06157],
[12.88265, -1.28514, 1.92562, 0.06077],
[12.91626, -1.39577, 1.92562, 0.06004],
[12.94127, -1.50737, 1.92562, 0.05939],
[12.95751, -1.61947, 1.92562, 0.05882],
[12.96483, -1.7316, 1.92562, 0.05835],
[12.96315, -1.84325, 1.92562, 0.05798],
[12.95246, -1.95389, 1.92562, 0.05772],
[12.93276, -2.063, 1.92562, 0.05758],
[12.90415, -2.17007, 1.92677, 0.05752],
[12.86674, -2.27459, 1.93543, 0.05736],
[12.82071, -2.3761, 1.95194, 0.0571],
[12.76628, -2.47413, 1.97669, 0.05672],
[12.70373, -2.56828, 2.01008, 0.05624],
[12.63336, -2.6582, 2.05251, 0.05563],
[12.5555, -2.74357, 2.10437, 0.05491],
[12.47053, -2.82414, 2.16605, 0.05406],
[12.37884, -2.89972, 2.23792, 0.0531],
[12.28085, -2.97017, 2.3204, 0.05201],
[12.17698, -3.03542, 2.4139, 0.05082],
[12.06765, -3.09547, 2.51894, 0.04951],
[11.95332, -3.15035, 2.63611, 0.04811],
[11.8344, -3.20016, 2.76613, 0.04661],
[11.71133, -3.24505, 2.90989, 0.04502],
[11.5845, -3.28521, 3.06847, 0.04335],
[11.45432, -3.32088, 3.2432, 0.04162],
[11.32116, -3.35229, 3.43573, 0.03982],
[11.18536, -3.37975, 3.648, 0.03798],
[11.04725, -3.40354, 3.8824, 0.0361],
[10.90714, -3.42396, 4.0, 0.0354],
[10.7653, -3.44133, 4.0, 0.03573],
[10.62197, -3.45595, 4.0, 0.03602],
[10.47738, -3.46812, 4.0, 0.03628],
[10.33172, -3.47811, 4.0, 0.0365],
[10.18517, -3.48621, 4.0, 0.03669],
[10.03787, -3.49266, 4.0, 0.03686],
[9.88997, -3.4977, 4.0, 0.037],
[9.74156, -3.50152, 4.0, 0.03711],
[9.59274, -3.50432, 4.0, 0.03721],
[9.44359, -3.50627, 4.0, 0.03729],
[9.29419, -3.50752, 4.0, 0.03735],
[9.14457, -3.5082, 4.0, 0.0374],
[8.9948, -3.50841, 4.0, 0.03744],
[8.84491, -3.50828, 4.0, 0.03747],
[8.69496, -3.50799, 4.0, 0.03749],
[8.54497, -3.50755, 4.0, 0.0375],
[8.39495, -3.50701, 4.0, 0.03751],
[8.24488, -3.50633, 4.0, 0.03752],
[8.09478, -3.50553, 4.0, 0.03753],
[7.94464, -3.50459, 4.0, 0.03754],
[7.79447, -3.50353, 4.0, 0.03754],
[7.64426, -3.50235, 4.0, 0.03755],
[7.49402, -3.50104, 4.0, 0.03756],
[7.34378, -3.49973, 4.0, 0.03756],
[7.19353, -3.49842, 4.0, 0.03756],
[7.04329, -3.49711, 4.0, 0.03756],
[6.89305, -3.4958, 4.0, 0.03756],
[6.74281, -3.49448, 4.0, 0.03756],
[6.59257, -3.49317, 4.0, 0.03756],
[6.44233, -3.49186, 4.0, 0.03756],
[6.29208, -3.49055, 4.0, 0.03756],
[6.14184, -3.48924, 4.0, 0.03756],
[5.9916, -3.48793, 4.0, 0.03756],
[5.84136, -3.48662, 4.0, 0.03756]]