0 -7.30029733 0.66404142 -6.689043045043945 0.3681195080280304 -7.968552112579346 1.045362949371338
1 -7.14789701 0.91481421 -6.539876937866211 0.6501306295394897 -7.808491230010986 1.34757399559021
2 -6.99043437 1.14221165 -6.385047912597657 0.9318743944168075 -7.644862174987793 1.6450849771499634
3 -6.82854706 1.34766248 -6.2201762199401855 1.2231290340423584 -7.484082221984863 1.929062008857727
4 -6.66248896 1.53265078 -6.050741195678711 1.5269089937210083 -7.3311848640441895 2.2023849487304688
5 -6.49239623 1.69889289 -5.943787097930908 1.7328180074691772 -7.154314041137695 2.534437894821167
6 -6.3182645 1.84775101 -5.872064113616943 1.8790500164031982 -6.968390941619873 2.842479944229126
7 -6.14003357 1.98044273 -5.804762840270996 2.0107760429382324 -6.760182857513428 3.1163809299468994
8 -5.95751029 2.0977155 -5.738527774810791 2.12302303314209 -6.532307147979736 3.345176935195923
9 -5.77042074 2.20011733 -5.667826175689697 2.2137351036071777 -6.287928104400635 3.5239200592041016
10 -5.57833977 2.28785468 -5.588778972625732 2.282625913619995 -6.031921863555908 3.6549580097198486
11 -5.38059891 2.36072659 -5.498448848724365 2.327641010284424 -5.767683029174805 3.739022970199585
12 -5.17708708 2.42004526 -5.3955769538879395 2.348017930984497 -5.4980669021606445 3.7801079750061035
13 -4.96755252 2.46659542 -5.278585910797119 2.341948986053467 -5.224732875823975 3.779223918914795
14 -4.75163543 2.50087257 -5.144124984741211 2.3097119331359863 -4.947412967681885 3.7397429943084717
15 -4.52885082 2.52315575 -4.984933853149414 2.251394033432007 -4.66666316986084 3.664707899093628
16 -4.29860648 2.53361853 -4.788529872894287 2.168942928314209 -4.389382839202881 3.563786029815674
17 -4.06020521 2.53238737 -4.5106282234191895 2.059299945831299 -4.12307596206665 3.458638906478882
18 -3.81285444 2.51959882 -4.201556205749512 1.9580379724502563 -3.8418800830841064 3.363007068634033
19 -3.55565349 2.49542148 -3.8875629901885986 1.8724969625473022 -3.5561819076538086 3.2817509174346924
20 -3.28764898 2.46015186 -3.5674729347229004 1.797232985496521 -3.232825994491577 3.2057130336761475
21 -3.00799351 2.41436205 -3.2495720386505127 1.721709966659546 -2.907588005065918 3.1284260749816895
22 -2.71604487 2.35893281 -2.929792881011963 1.6439690589904785 -2.5850610733032227 3.050015926361084
23 -2.41184438 2.29531377 -2.6106300354003906 1.565721035003662 -2.2622079849243164 2.970858097076416
24 -2.09703667 2.22582155 -2.2881669998168945 1.485764980316162 -1.9430789947509766 2.891724109649658
25 -1.77725167 2.15420442 -1.9556809663772583 1.40425705909729 -1.63359797000885 2.8156609535217285
26 -1.45729294 2.08288316 -1.6116429567337036 1.326097011566162 -1.3331910371780396 2.7467539310455322
27 -1.13712674 2.01191662 -1.2594050168991089 1.2576240301132202 -1.0367929935455322 2.6880929470062256
28 -0.81750221 1.94249825 -0.9091567993164062 1.203518033027649 -0.7338970899581909 2.640557050704956
29 -0.50776431 1.88150112 -0.578665792942048 1.1632139682769775 -0.408280611038208 2.6008410453796387
30 -0.21673079 1.83408568 -0.28549650311469904 1.1293419599533079 -0.044974058866500854 2.5569090843200684
31 0.05271713 1.80229874 0.012961120344698429 1.0743789672851562 0.30618131160736084 2.4948580265045166
32 0.30093256 1.78628655 0.30701389908790505 0.999071002006531 0.6522125005722046 2.409482955932617
33 0.52960902 1.78532204 0.6781888008117676 0.8797240853309631 0.9088482856750488 2.3257250785827637
34 0.74069552 1.79847035 1.0520720481872559 0.7736803889274597 1.1630480289459229 2.233725070953369
35 0.93604615 1.82481563 1.3498280048370361 0.721551775932312 1.2655450105667114 2.195246934890747
36 1.11721599 1.86362933 1.645105004310608 0.7084575891494751 1.3660279512405396 2.1611459255218506
37 1.28543896 1.91441829 1.9241199493408203 0.735702395439148 1.4606200456619263 2.136404037475586
38 1.4416441 1.97695255 2.1839139461517334 0.7996484041213989 1.548977017402649 2.1231141090393066
39 1.58646625 2.05131477 2.422811985015869 0.8963131904602051 1.6327359676361084 2.1232619285583496
40 1.72025903 2.13797877 2.6436119079589844 1.0288829803466797 1.7134640216827393 2.1412460803985596
41 1.84304467 2.23804558 2.8401100635528564 1.1918649673461914 1.7866710424423218 2.179924964904785
42 1.95456191 2.35369252 3.0084619522094727 1.3840069770812988 1.8472820520401 2.2424209117889404
43 2.05802733 2.48223468 3.1425330638885494 1.60089898109436 1.8878329992294312 2.3312249183654785
44 2.15433484 2.62397044 3.2339680194854736 1.843371033668518 1.8999049663543701 2.4537549018859863
45 2.2442939 2.77953785 3.268526077270508 2.107991933822632 1.8693439960479736 2.608668088912964
46 2.3287968 2.9500686 3.2408459186553955 2.3935399055480957 1.7880940437316895 2.819704055786133
47 2.40912384 3.13762092 3.166066884994507 2.6873700618743896 1.6853339672088623 3.081808090209961
48 2.4872874 3.34612835 3.0718801021575928 3.0539300441741943 1.5999809503555298 3.456528902053833
49 2.56614476 3.58148293 3.025926113128662 3.357588052749634 1.6060210466384888 3.8410120010375977
50 2.64819415 3.8458126 3.0483450889587402 3.612881898880005 1.7091619968414307 4.229689121246338
51 2.74537926 4.1523102 3.097187042236328 3.9078099727630615 1.860427975654602 4.673388957977295
52 2.84951149 4.45321889 3.217935085296631 4.173544883728027 2.0550050735473633 5.034212112426758
53 2.96534928 4.74338859 3.38462495803833 4.414257049560547 2.284269094467163 5.3491668701171875
54 3.09599919 5.01492097 3.578969955444336 4.637791156768799 2.534104108810425 5.63888692855835
55 3.23921711 5.25609927 3.7843430042266846 4.851232051849365 2.79087495803833 5.923184871673584
56 3.39080516 5.46104236 3.977792978286743 5.0639848709106445 3.050276041030884 6.216732025146484
57 3.55683418 5.63913763 3.977792978286743 5.0639848709106445 3.050276041030884 6.216732025146484
58 3.74301959 5.79321106 4.1182098388671875 5.235751152038574 3.3129310607910156 6.499826908111572
59 3.94145704 5.91394301 4.234626770019531 5.385001182556152 3.595475912094116 6.756389141082764
60 4.14120194 5.99654301 4.3431501388549805 5.511298179626465 3.903960943222046 6.964378833770752
61 4.33452086 6.04300669 4.460145950317383 5.608699798583984 4.240410804748535 7.107133865356445
62 4.51709288 6.05758719 4.593994140625 5.6832499504089355 4.600767135620117 7.192944049835205
63 4.68675441 6.04489008 4.739294052124023 5.7111687660217285 4.968420028686523 7.199775218963623
64 4.84248676 6.00891065 4.881247043609619 5.713807106018066 5.324150085449212 7.145892143249513
65 4.98390935 5.95299388 5.000969886779785 5.695952892303467 5.64552116394043 7.038300037384033
66 5.11096899 5.87985826 5.115479946136475 5.656988143920898 5.942986011505127 6.875408172607422
67 5.22364073 5.79156935 5.191711902618408 5.615059852600098 6.181546211242676 6.688055038452148
68 5.32188952 5.68974764 5.258711814880371 5.5711259841918945 6.386936187744141 6.478230953216553
69 5.40563904 5.57567754 5.318995952606201 5.5243377685546875 6.558210849761963 6.254486083984375
70 5.4747827 5.45040044 5.3716278076171875 5.469901084899902 6.696270942687988 6.009340763092041
71 5.52922559 5.31479565 5.412600040435791 5.407345771789551 6.796673774719238 5.750492095947266
72 5.56887106 5.16960064 5.443004131317139 5.321744918823242 6.85856294631958 5.485671043395996
73 5.59376965 5.01551944 5.450758934020996 5.231335163116455 6.879088878631592 5.214595794677734
74 5.60389381 4.85309971 5.434206962585449 5.1331071853637695 6.859458923339844 4.943245887756348
75 5.59957106 4.6829886 5.3639421463012695 4.979203224182129 6.7960028648376465 4.66241979598999
76 5.58162711 4.50598013 5.262546062469482 4.840356826782227 6.686205863952637 4.396650791168213
77 5.55158448 4.32309205 5.117074966430664 4.6829328536987305 6.529669761657715 4.146635055541992
78 5.51175354 4.13559632 4.931615829467773 4.491178035736084 6.337547779083252 3.919806957244873
79 5.4653893 3.94509344 4.71658992767334 4.2351250648498535 6.139490127563477 3.716038942337036
80 5.41108338 3.70843943 4.512746810913086 3.916811943054199 5.97100305557251 3.514158010482788
81 5.36919591 3.47999557 4.344266891479492 3.5292210578918457 5.860887050628662 3.3107309341430664
82 5.34506091 3.26398667 4.241765022277832 3.1304268836975098 5.788476943969727 3.1088640689849854
83 5.34097695 3.06310137 4.197555065155029 2.752810001373291 5.7460618019104 2.9449119567871094
84 5.35689672 2.87861612 4.20717716217041 2.381540060043335 5.713259220123291 2.789980888366699
85 5.39162051 2.71097095 4.269979953765869 2.0284340381622314 5.6849260330200195 2.65012788772583
86 5.44341815 2.56007209 4.384903907775879 1.7033530473709106 5.66141414642334 2.525847911834717
87 5.51045343 2.42555502 4.544787883758545 1.421388030052185 5.649028778076172 2.422334909439087
88 5.59115791 2.30715624 4.741036891937256 1.1841449737548828 5.652282238006592 2.3351991176605225
89 5.68414467 2.20466173 4.970648765563965 0.992169976234436 5.673655033111572 2.260180950164795
90 5.78823786 2.11798175 5.226920127868652 0.8486114740371704 5.712792873382568 2.1993699073791504
91 5.902551 2.04734568 5.494391918182373 0.7562258243560791 5.7669758796691895 2.1560781002044678
92 6.02636748 1.99322615 5.773775100708008 0.708390474319458 5.8415608406066895 2.129556894302368
93 6.1591 1.95634449 6.056980133056641 0.7062227129936218 5.926329135894775 2.1253750324249268
94 6.30036648 1.9379355 6.336659908294678 0.7515860795974731 6.0100908279418945 2.14349102973938
95 6.44988242 1.93968162 6.614968776702881 0.8430938720703125 6.107533931732178 2.1883840560913086
96 6.60756964 1.96419601 6.890139102935791 0.9825538992881775 6.214326858520508 2.2651760578155518
97 6.77358333 2.01556889 7.153100967407227 1.1745799779891968 6.332818984985352 2.3850109577178955
98 6.94830839 2.1000742 7.3851318359375 1.4023430347442627 6.472006797790527 2.556572914123535
99 7.13276196 2.22919804 7.590994834899902 1.6508580446243286 6.674529075622559 2.8075380325317383
100 7.34458261 2.33046786 7.7193732261657715 1.8251739740371704 6.951227188110352 3.097681999206543
101 7.54823624 2.38820156 7.823245048522949 1.960548996925354 7.282238006591797 3.3482329845428467
102 7.74218962 2.40994281 7.919675827026367 2.065335988998413 7.657557964324951 3.5275349617004395
103 7.92546315 2.40120942 8.012921333312988 2.13836407661438 8.0534029006958 3.616131067276001
104 8.09714372 2.36565004 8.105769157409668 2.181288957595825 8.44330883026123 3.6117489337921143
105 8.25629801 2.30588972 8.194796562194824 2.1974189281463623 8.787617683410645 3.534179925918579
106 8.40192594 2.22391929 8.285013198852539 2.190885066986084 9.108743667602539 3.3865890502929688
107 8.53290441 2.12128514 8.374312400817871 2.1615710258483887 9.392483711242676 3.1821179389953613
108 8.64791563 1.9991966 8.46221923828125 2.108038902282715 9.637842178344727 2.9263389110565186
109 8.74533398 1.85858153 8.547356605529785 2.0289270877838135 9.842904090881348 2.623112916946411
110 8.82313093 1.70019368 8.626766204833984 1.9236550331115723 10.004130363464355 2.277172088623047
111 8.87911827 1.52496349 8.69357681274414 1.7918039560317993 10.114439964294434 1.8953460454940796
112 8.91041507 1.33373437 8.73465347290039 1.6320810317993164 10.15939998626709 1.4856369495391846
113 8.91375092 1.12772595 8.732599258422852 1.4447799921035767 10.12051010131836 1.0597209930419922
114 8.88531592 0.90866417 8.68051528930664 1.235705018043518 9.994647979736328 0.6350619196891785
115 8.82103197 0.67915911 8.586551666259766 1.0264970064163208 9.799101829528809 0.23747259378433228
116 8.71714307 0.4430546 8.446967124938965 0.8263016939163208 9.545428276062012 -0.1153101995587349
117 8.57041276 0.20562875 8.24280071258545 0.6509469747543335 9.238630294799805 -0.40070679783821106
118 8.3798061 -0.02632099 8.001693725585938 0.4856446087360382 8.920161247253418 -0.6368386745452881
119 8.14750113 -0.2451743 7.7446208000183105 0.3174718916416168 8.607062339782715 -0.8491892218589783
120 7.87972963 -0.44397619 7.484086036682129 0.140072301030159 8.30184555053711 -1.0577939748764038
121 7.58598141 -0.61784292 7.224884986877441 -0.04564310982823372 7.9985270500183105 -1.2718559503555298
122 7.27664335 -0.76559834 6.9639458656311035 -0.22866429388523102 7.684337139129639 -1.486266016960144
123 6.95831177 -0.89026366 6.702144145965576 -0.36928319931030273 7.323945045471191 -1.6786149740219116
124 6.63404111 -0.99565254 6.421730995178223 -0.470007985830307 6.940839767456055 -1.8226569890975952
125 6.30519326 -1.08322296 6.132040023803711 -0.5356981754302979 6.539437770843506 -1.9257949590682983
126 5.9729654 -1.1544057 5.842234134674072 -0.5898253917694092 6.138778209686279 -2.007812976837158
127 5.63860545 -1.21064322 5.548099040985107 -0.6166884899139404 5.738494873046875 -2.0521581172943115
128 5.30351936 -1.25334325 5.249011993408203 -0.6112884879112244 5.345392227172852 -2.0536301136016846
129 4.96906022 -1.28399204 4.9314398765563965 -0.5705643892288208 4.990596771240234 -2.0155110359191895
130 4.6360681 -1.3041336 4.615300178527832 -0.5644407868385315 4.640592098236084 -2.011941909790039
131 4.30471186 -1.31533263 4.301726818084717 -0.599777102470398 4.293255805969238 -2.0499210357666016
132 3.97474727 -1.31908251 3.9908220767974854 -0.6795827150344849 3.951491117477417 -2.131890058517456
133 3.64581082 -1.31677864 3.6746840476989746 -0.735217273235321 3.603771924972534 -2.186021089553833
134 3.31757029 -1.30975307 3.3713619709014893 -0.7482972145080566 3.2435998916625923 -2.1942958831787105
135 2.98976689 -1.29930471 3.068234920501709 -0.7311726212501526 2.8840389251708984 -2.1687920093536377
136 2.73271185 -1.2895972 2.7802319526672363 -0.6878671050071716 2.5184130668640137 -2.1125640869140625
137 2.48974601 -1.2812822 2.493130922317505 -0.6188644170761108 2.161602020263672 -2.0279910564422607
138 2.25393237 -1.27370437 2.169421911239624 -0.5243893265724182 1.8498539924621582 -1.9364689588546753
139 2.02350901 -1.26658509 1.8842999935150146 -0.44747769832611084 1.6511850357055664 -1.878013014793396
140 1.80296474 -1.25900402 1.595777988433838 -0.3872005045413971 1.4504200220108032 -1.8289819955825806
141 1.58716921 -1.25040225 1.3828010559082031 -0.36167341470718384 1.3236730098724365 -1.8095589876174927
142 1.37503672 -1.24034882 1.1865049600601196 -0.35098809003829956 1.2052149772644043 -1.8010849952697754
143 1.16569622 -1.228484 0.9868714213371277 -0.35907480120658875 1.0821720361709595 -1.8082749843597412
144 0.95842484 -1.21446141 0.7908331155776978 -0.3844394087791443 0.954069972038269 -1.8322949409484863
145 0.75259009 -1.19796796 0.6031134128570557 -0.42923951148986816 0.8194465041160583 -1.876250982284546
146 0.54765401 -1.17872218 0.4250270128250122 -0.4853628873825073 0.6765667796134949 -1.9334709644317627
147 0.34316393 -1.15647371 0.2549363970756531 -0.5521035194396973 0.5266907215118408 -1.9981069564819336
148 0.13874143 -1.13100773 0.11562640219926834 -0.6176162958145142 0.3041439950466156 -2.087894916534424
149 -0.06592785 -1.10213469 -0.013079679571092129 -0.6813492178916931 0.0673215314745903 -2.1641271114349365
150 -0.27110524 -1.06968992 -0.1441836953163147 -0.7389749884605408 -0.1755463033914566 -2.2145988941192627
151 -0.47700305 -1.03355062 -0.2697851061820984 -0.7790346145629883 -0.43183648586273193 -2.2345149517059326
152 -0.68379993 -0.99359293 -0.3932740092277527 -0.7969427704811096 -0.6824579834938049 -2.2196760177612305
153 -0.89163587 -0.9497402 -0.5214042067527771 -0.7913165092468262 -0.9313681721687317 -2.174388885498047
154 -1.10062584 -0.90192171 -0.7240089178085327 -0.729514479637146 -1.2041939496994019 -2.0814120769500732
155 -1.31087022 -0.8500562 -0.9112666845321655 -0.625708818435669 -1.460453987121582 -1.9487340450286865
156 -1.52244525 -0.79409301 -1.1093740463256836 -0.47299671173095703 -1.7117270231246948 -1.7728639841079712
157 -1.73543466 -0.73392348 -1.3273149728775024 -0.28937649726867676 -1.9623730182647705 -1.5865830183029175
158 -1.94990478 -0.6694637 -1.5726690292358398 -0.11436910182237625 -2.2168290615081787 -1.4133280515670776
159 -2.16593225 -0.60057849 -1.8396680355072021 0.06149988994002342 -2.471324920654297 -1.2436989545822144
160 -2.39313044 -0.5346688 -2.1251749992370605 0.22789379954338074 -2.7295351028442383 -1.0862289667129517
161 -2.61318006 -0.48004493 -2.4764540195465057 0.3959087133407577 -2.974555015563965 -0.9633976817131042
162 -2.82480984 -0.43857021 -2.817889928817749 0.5219959020614624 -3.174562931060791 -0.8848150968551636
163 -3.02739963 -0.41104894 -3.1180388927459717 0.6060497164726257 -3.3201680183410645 -0.8352423906326294
164 -3.22066512 -0.39774087 -3.4078860282897914 0.6571784019470208 -3.4493141174316406 -0.7983623743057251
165 -3.40467477 -0.3983565 -3.6878631114959717 0.6781595945358276 -3.5638890266418457 -0.7718818783760071
166 -3.57962357 -0.41241897 -3.956892967224121 0.6663814783096313 -3.667480945587158 -0.7570415139198303
167 -3.74578083 -0.43935316 -4.215909957885742 0.6250759959220886 -3.7636120319366455 -0.753240704536438
168 -3.90340186 -0.4786239 -4.462128162384033 0.5532605051994324 -3.8537309169769287 -0.761528491973877
169 -4.0527528 -0.52970806 -4.6946330070495605 0.4530321955680847 -3.939038038253784 -0.7813888788223267
170 -4.1940551 -0.59218401 -4.912289142608645 0.3235855996608713 -4.020482063293457 -0.8135508894920349
171 -4.327507 -0.66571371 -5.109786033630371 0.1713968962430954 -4.0940070152282715 -0.8553249835968018
172 -4.45327745 -0.75006954 -5.282137870788574 0.003031271044164896 -4.165709972381592 -0.9101160764694214
173 -4.57150727 -0.84515748 -5.433649063110352 -0.18186399340629578 -4.230724811553955 -0.9758214950561523
174 -4.68229727 -0.95106716 -5.559476852416993 -0.38014468550682223 -4.286946773529053 -1.0545920133590698
175 -4.78570622 -1.0681183 -5.656987190246582 -0.5852890014648438 -4.333001136779785 -1.1500890254974365
176 -4.88168561 -1.19701687 -5.728365898132324 -0.7894173264503479 -4.364436149597168 -1.2549420595169067
177 -4.97015038 -1.3387779 -5.777503967285156 -0.9792298078536987 -4.381711006164551 -1.3619400262832642
178 -5.05091774 -1.49471431 -5.80065393447876 -1.1605169773101807 -4.385403156280518 -1.4813309907913208
179 -5.12338333 -1.66663436 -5.818338871002197 -1.378491997718811 -4.402285099029541 -1.712373971939087
180 -5.18638724 -1.85598282 -5.858645915985107 -1.6210269927978516 -4.454580783843994 -2.0027849674224854
181 -5.23804 -2.06195754 -5.935243129730225 -1.8772649765014648 -4.533384799957275 -2.2723629474639893
182 -5.27637909 -2.2792064 -6.0399580001831055 -2.1366419792175293 -4.634699821472168 -2.527208089828491
183 -5.30074353 -2.50019625 -6.152967929840088 -2.4000449180603027 -4.728376865386963 -2.723145008087158
184 -5.31246852 -2.72014002 -6.253256797790527 -2.667618989944458 -4.820878028869629 -2.919538974761963
185 -5.3135922 -2.93772505 -6.325191020965576 -2.949404001235962 -4.876891136169434 -3.0675508975982666
186 -5.30612921 -3.15315702 -6.354269981384277 -3.2253990173339844 -4.9048051834106445 -3.207021951675415
187 -5.29186546 -3.36692784 -6.343935966491699 -3.493144989013672 -4.902821063995361 -3.3449618816375732
188 -5.27244454 -3.57948997 -6.297892093658447 -3.7499189376831055 -4.869213104248047 -3.4850850105285645
189 -5.24945151 -3.79123947 -6.219761848449707 -3.994220018386841 -4.802981853485107 -3.632369041442871
190 -5.22450386 -4.00211801 -6.11440896987915 -4.223931789398193 -4.704975128173828 -3.7950990200042725
191 -5.20741902 -4.1929586 -5.991373062133789 -4.436130046844482 -4.580144882202148 -3.985713005065918
192 -5.19929053 -4.37482672 -5.866116046905518 -4.625905990600586 -4.440258979797363 -4.215671062469482
193 -5.20174418 -4.54746952 -5.75875186920166 -4.785107135772705 -4.306519031524658 -4.484530925750732
194 -5.21577755 -4.71063496 -5.690104961395264 -4.898194789886475 -4.214877128601074 -4.746364116668701
195 -5.24170266 -4.86432016 -5.639571189880371 -4.994747161865234 -4.153271198272705 -5.0161519050598145
196 -5.27971338 -5.00837911 -5.599455833435059 -5.095019817352295 -4.134695053100586 -5.331377983093262
197 -5.32969129 -5.14274661 -5.573389053344727 -5.188028812408447 -4.171201229095459 -5.644288063049316
198 -5.39151601 -5.26723824 -5.559698104858398 -5.277501106262207 -4.260639190673828 -5.943019866943359
199 -5.46496841 -5.38166204 -5.558705806732178 -5.349398136138916 -4.388402938842773 -6.203065872192383
200 -5.5498557 -5.48573402 -5.5694899559021 -5.414146900177002 -4.551527976989746 -6.4272780418396
201 -5.64609453 -5.57900049 -5.591152191162109 -5.473412036895752 -4.738866806030273 -6.623094081878662
202 -5.7537161 -5.66080837 -5.626071929931641 -5.526368141174316 -4.952127933502197 -6.787939071655273
203 -5.8728501 -5.73028231 -5.676466941833496 -5.569892883300781 -5.19247579574585 -6.9151787757873535
204 -6.00371747 -5.78627703 -5.745438098907471 -5.599368095397949 -5.46284294128418 -6.995457172393799
205 -6.14677496 -5.82709667 -5.830469131469727 -5.612410068511963 -5.757687091827393 -7.033055782318115
206 -6.30251866 -5.8505322 -5.9344072341918945 -5.60134220123291 -6.083563804626469 -7.02173614501953
207 -6.47143919 -5.85360491 -6.05499792098999 -5.564505100250244 -6.43477201461792 -6.948801040649414
208 -6.65367365 -5.83251816 -6.191433906555176 -5.494456768035889 -6.798479080200195 -6.800869941711426
209 -6.84850178 -5.78241016 -6.397356033325195 -5.363512992858887 -7.164720058441162 -6.591097831726074
210 -7.05294283 -5.69794961 -6.674874782562256 -5.19004487991333 -7.447792053222656 -6.41414213180542
211 -7.25958234 -5.5760336 -6.950985908508301 -5.0157151222229 -7.730550765991211 -6.235587120056152
212 -7.45618108 -5.41973692 -7.1956257820129395 -4.860748767852783 -8.04297161102295 -6.034554958343506
213 -7.63129625 -5.23880704 -7.313241958618164 -4.789262771606445 -8.343118667602539 -5.80427885055542
214 -7.78099227 -5.04269619 -7.42445707321167 -4.709731101989746 -8.607547760009766 -5.537034034729004
215 -7.9073044 -4.83589675 -7.510622978210449 -4.624604225158691 -8.806011199951172 -5.2507429122924805
216 -8.01359025 -4.61922857 -7.572676181793213 -4.526426792144775 -8.9433012008667 -4.96005392074585
217 -8.10257023 -4.39230437 -7.610690116882324 -4.410871982574463 -9.026776313781738 -4.667491912841797
218 -8.17606822 -4.15450034 -7.629518032073975 -4.282905101776123 -9.070158958435059 -4.371891021728516
219 -8.23500157 -3.90485317 -7.635211944580078 -4.096827983856201 -9.082172393798828 -4.050922870635986
220 -8.27922332 -3.64158682 -7.624872207641602 -3.7705459594726562 -9.071552276611328 -3.7165091037750244
221 -8.30809694 -3.36250581 -7.612133026123047 -3.4013431072235107 -9.059625625610352 -3.425215005874634
222 -8.32043981 -3.06552343 -7.6175007820129395 -3.0776119232177734 -9.065155029296875 -3.087970018386841
223 -8.31468992 -2.75082828 -7.620426177978516 -2.781296968460083 -9.066960334777832 -2.7234649658203125
224 -8.29004657 -2.42580444 -7.611962795257568 -2.5097200870513916 -9.0490140914917 -2.334527015686035
225 -8.24770969 -2.09986246 -7.579529762268066 -2.23006010055542 -9.001489639282227 -1.958325982093811
226 -8.1895343 -1.77628452 -7.521129131317139 -1.9232430458068848 -8.935808181762695 -1.6158479452133179
227 -8.11721391 -1.4556752 -7.457152843475342 -1.6264630556106567 -8.859442710876465 -1.2667499780654907
228 -8.03229422 -1.13819527 -7.383973121643066 -1.3381459712982178 -8.768377304077148 -0.9147869944572449
229 -7.93579108 -0.82397639 -7.296460151672363 -1.0499470233917236 -8.662603378295898 -0.5709295868873596
230 -7.82863374 -0.51308084 -7.196721076965332 -0.7639092803001404 -8.543628692626953 -0.23320619761943817
231 -7.7117308 -0.20550131 -7.085509777069092 -0.4803937077522278 -8.412532806396484 0.09824279695749283
232 -7.58439632 0.09756557 -6.962018966674805 -0.19643010199069977 -8.271822929382324 0.4201870858669281
233 -7.44645653 0.39021367 -6.828225135803223 0.08818358927965164 -8.124073028564453 0.7336159944534302
234 -7.30029733 0.66404142 -6.689043045043945 0.3681195080280304 -7.968552112579346 1.045362949371338